glass
train:valid =  0.5 : 0.5 , tree_numbers: 1
[[25 10  1  0  0  0]
 [ 9 26  1  3  0  3]
 [ 6  0  3  0  0  0]
 [ 0  1  0  3  0  0]
 [ 0  1  0  2  0  1]
 [ 0  2  0  1  0  9]]
Acc:  0.616822429906542
-----------------------------------------------
train:valid =  0.7 : 0.30000000000000004 , tree_numbers: 1
[[13  2  3  0  0  0]
 [ 6 17  3  3  1  0]
 [ 2  2  0  0  0  0]
 [ 0  3  0  0  0  1]
 [ 0  0  0  0  0  1]
 [ 1  2  0  0  0  5]]
Acc:  0.5384615384615384
-----------------------------------------------
train:valid =  0.5 : 0.5 , tree_numbers: 3
[[31  3  2  0  0  0]
 [ 9 28  1  3  1  0]
 [ 4  3  2  0  0  0]
 [ 0  0  0  4  0  0]
 [ 0  0  0  0  1  3]
 [ 1  1  0  0  0 10]]
Acc:  0.7102803738317757
-----------------------------------------------
train:valid =  0.7 : 0.30000000000000004 , tree_numbers: 3
[[16  2  0  0  0  0]
 [ 6 18  2  2  1  1]
 [ 2  2  0  0  0  0]
 [ 0  0  0  4  0  0]
 [ 0  1  0  0  0  0]
 [ 1  1  0  0  0  6]]
Acc:  0.676923076923077
-----------------------------------------------
train:valid =  0.5 : 0.5 , tree_numbers: 7
[[33  3  0  0  0  0]
 [13 24  0  3  1  1]
 [ 6  0  3  0  0  0]
 [ 0  1  0  3  0  0]
 [ 0  2  0  0  1  1]
 [ 1  0  1  0  0 10]]
Acc:  0.6915887850467289
-----------------------------------------------
train:valid =  0.7 : 0.30000000000000004 , tree_numbers: 7
[[16  2  0  0  0  0]
 [ 4 23  0  2  1  0]
 [ 2  2  0  0  0  0]
 [ 0  0  0  4  0  0]
 [ 0  0  0  0  0  1]
 [ 1  1  0  0  0  6]]
Acc:  0.7538461538461538
-----------------------------------------------
train:valid =  0.5 : 0.5 , tree_numbers: 15
[[33  3  0  0  0  0]
 [10 24  2  3  1  2]
 [ 5  1  3  0  0  0]
 [ 0  0  0  4  0  0]
 [ 0  0  0  0  1  3]
 [ 1  1  0  0  0 10]]
Acc:  0.7009345794392523
-----------------------------------------------
train:valid =  0.7 : 0.30000000000000004 , tree_numbers: 15
[[17  1  0  0  0  0]
 [ 5 20  1  2  1  1]
 [ 2  2  0  0  0  0]
 [ 0  0  0  4  0  0]
 [ 0  1  0  0  0  0]
 [ 1  1  0  0  0  6]]
Acc:  0.7230769230769231
-----------------------------------------------
train:valid =  0.5 : 0.5 , tree_numbers: 31
[[33  3  0  0  0  0]
 [11 24  2  3  1  1]
 [ 5  1  3  0  0  0]
 [ 0  0  0  4  0  0]
 [ 0  0  0  0  1  3]
 [ 1  1  0  0  0 10]]
Acc:  0.7009345794392523
-----------------------------------------------
train:valid =  0.7 : 0.30000000000000004 , tree_numbers: 31
[[17  1  0  0  0  0]
 [ 5 20  1  2  1  1]
 [ 2  2  0  0  0  0]
 [ 0  0  0  4  0  0]
 [ 0  0  0  0  0  1]
 [ 1  1  0  0  0  6]]
Acc:  0.7230769230769231
-----------------------------------------------
train:valid =  0.5 : 0.5 , tree_numbers: 51
[[33  3  0  0  0  0]
 [10 23  4  2  1  2]
 [ 4  2  3  0  0  0]
 [ 0  0  0  4  0  0]
 [ 0  0  0  0  1  3]
 [ 1  1  0  0  0 10]]
Acc:  0.6915887850467289
-----------------------------------------------
train:valid =  0.7 : 0.30000000000000004 , tree_numbers: 51
[[17  1  0  0  0  0]
 [ 4 21  1  2  1  1]
 [ 2  2  0  0  0  0]
 [ 0  0  0  4  0  0]
 [ 0  0  0  0  0  1]
 [ 1  1  0  0  0  6]]
Acc:  0.7384615384615385
-----------------------------------------------