iris
train:valid =  0.5 : 0.5 , tree_numbers: 1
[[22  0  0]
 [ 0 25  1]
 [ 0  5 22]]
Acc:  0.92
-----------------------------------------------
train:valid =  0.7 : 0.3 , tree_numbers: 1
[[14  0  0]
 [ 0 11  1]
 [ 0  1 18]]
Acc:  0.9555555555555556
-----------------------------------------------
train:valid =  0.5 : 0.5 , tree_numbers: 3
[[31  0  0]
 [ 0 21  0]
 [ 0  4 19]]
Acc:  0.9466666666666667
-----------------------------------------------
train:valid =  0.7 : 0.3 , tree_numbers: 3
[[14  0  0]
 [ 0 14  2]
 [ 0  0 15]]
Acc:  0.9555555555555556
-----------------------------------------------
train:valid =  0.5 : 0.5 , tree_numbers: 7
[[28  0  0]
 [ 0 27  1]
 [ 0  1 18]]
Acc:  0.9733333333333334
-----------------------------------------------
train:valid =  0.7 : 0.3 , tree_numbers: 7
[[16  0  0]
 [ 0  9  5]
 [ 0  1 14]]
Acc:  0.8666666666666667
-----------------------------------------------
train:valid =  0.5 : 0.5 , tree_numbers: 15
[[28  0  0]
 [ 0 23  0]
 [ 0  4 20]]
Acc:  0.9466666666666667
-----------------------------------------------
train:valid =  0.7 : 0.3 , tree_numbers: 15
[[15  0  0]
 [ 0 15  0]
 [ 0  2 13]]
Acc:  0.9555555555555556
-----------------------------------------------
train:valid =  0.5 : 0.5 , tree_numbers: 31
[[22  0  0]
 [ 0 27  1]
 [ 0  0 25]]
Acc:  0.9866666666666667
-----------------------------------------------
train:valid =  0.7 : 0.3 , tree_numbers: 31
[[18  0  0]
 [ 0 13  1]
 [ 0  2 11]]
Acc:  0.9333333333333333
-----------------------------------------------

wine
train:valid =  0.5 : 0.5 , tree_numbers: 1
[[30  6  0]
 [ 2 29  1]
 [ 1  0 20]]
Acc:  0.8876404494382022
-----------------------------------------------
train:valid =  0.7 : 0.30000000000000004 , tree_numbers: 1
[[18  0  0]
 [ 1 20  0]
 [ 0  1 14]]
Acc:  0.9629629629629629
-----------------------------------------------
train:valid =  0.5 : 0.5 , tree_numbers: 3
[[30  0  0]
 [ 5 24  4]
 [ 2  1 23]]
Acc:  0.8651685393258427
-----------------------------------------------
train:valid =  0.7 : 0.30000000000000004 , tree_numbers: 3
[[16  2  0]
 [ 0 17  1]
 [ 0  0 18]]
Acc:  0.9444444444444444
-----------------------------------------------
train:valid =  0.5 : 0.5 , tree_numbers: 7
[[23  6  0]
 [ 2 29  3]
 [ 1  0 25]]
Acc:  0.8651685393258427
-----------------------------------------------
train:valid =  0.7 : 0.30000000000000004 , tree_numbers: 7
[[18  0  0]
 [ 1 25  2]
 [ 0  0  8]]
Acc:  0.9444444444444444
-----------------------------------------------
train:valid =  0.5 : 0.5 , tree_numbers: 15
[[30  3  0]
 [ 2 27  5]
 [ 0  0 22]]
Acc:  0.8876404494382022
-----------------------------------------------
train:valid =  0.7 : 0.30000000000000004 , tree_numbers: 15
[[18  1  0]
 [ 3 17  2]
 [ 0  0 13]]
Acc:  0.8888888888888888
-----------------------------------------------
train:valid =  0.5 : 0.5 , tree_numbers: 31
[[33  1  0]
 [ 0 36  0]
 [ 0  3 16]]
Acc:  0.9550561797752809
-----------------------------------------------
train:valid =  0.7 : 0.30000000000000004 , tree_numbers: 31
[[21  0  0]
 [ 0 23  0]
 [ 0  0 10]]
Acc:  1.0
-----------------------------------------------

glass
train:valid =  0.5 : 0.5 , tree_numbers: 1
[[29  8  2  0  0  1]
 [ 3 23  3  0  0  3]
 [ 3  4  3  0  0  0]
 [ 2  2  0  2  0  1]
 [ 1  1  0  0  0  2]
 [ 1  0  0  0  0 13]]
Acc:  0.6542056074766355
-----------------------------------------------
train:valid =  0.7 : 0.30000000000000004 , tree_numbers: 1
[[15  5  3  0  0  0]
 [ 3 14  1  0  0  4]
 [ 2  0  0  0  0  0]
 [ 0  2  0  0  0  3]
 [ 0  0  0  0  0  3]
 [ 0  3  0  0  0  7]]
Acc:  0.5538461538461539
-----------------------------------------------
train:valid =  0.5 : 0.5 , tree_numbers: 3
[[30  3  0  0  0  0]
 [12 25  2  0  0  1]
 [ 3  1  4  0  0  0]
 [ 0  1  0  5  0  0]
 [ 1  0  0  1  1  2]
 [ 1  2  0  0  0 12]]
Acc:  0.719626168224299
-----------------------------------------------
train:valid =  0.7 : 0.30000000000000004 , tree_numbers: 3
[[18  1  0  0  0  0]
 [ 6 17  0  0  0  0]
 [ 3  2  1  0  0  0]
 [ 0  1  0  1  0  0]
 [ 1  1  0  0  0  1]
 [ 1  2  0  0  0  9]]
Acc:  0.7076923076923077
-----------------------------------------------
train:valid =  0.5 : 0.5 , tree_numbers: 7
[[27  3  5  0  0  0]
 [ 3 30  5  0  1  0]
 [ 2  0  3  0  0  0]
 [ 0  4  0  5  0  0]
 [ 0  1  0  0  1  3]
 [ 1  4  0  0  0  9]]
Acc:  0.7009345794392523
-----------------------------------------------
train:valid =  0.7 : 0.30000000000000004 , tree_numbers: 7
[[20  1  3  0  0  0]
 [ 4 12  2  0  0  0]
 [ 1  2  2  0  0  0]
 [ 0  2  0  4  0  0]
 [ 0  0  1  0  0  2]
 [ 0  1  0  0  0  8]]
Acc:  0.7076923076923077
-----------------------------------------------
train:valid =  0.5 : 0.5 , tree_numbers: 15
[[32  3  2  0  0  0]
 [ 6 26  2  2  0  1]
 [ 3  1  3  0  0  0]
 [ 0  1  0  6  0  0]
 [ 1  1  1  0  1  1]
 [ 2  0  1  0  0 11]]
Acc:  0.7383177570093458
-----------------------------------------------
train:valid =  0.7 : 0.30000000000000004 , tree_numbers: 15
[[22  4  0  0  0  0]
 [ 2 17  0  2  0  1]
 [ 2  0  0  0  0  0]
 [ 0  1  0  3  0  0]
 [ 0  1  0  1  0  1]
 [ 0  1  0  0  1  6]]
Acc:  0.7384615384615385
-----------------------------------------------
train:valid =  0.5 : 0.5 , tree_numbers: 31
[[19  3  2  0  0  0]
 [ 9 29  2  2  0  1]
 [ 4  4  2  0  0  0]
 [ 0  1  0  6  0  0]
 [ 1  0  0  2  0  3]
 [ 1  1  0  2  0 13]]
Acc:  0.6448598130841121
-----------------------------------------------
train:valid =  0.7 : 0.30000000000000004 , tree_numbers: 31
[[17  5  1  0  0  0]
 [ 4 18  1  0  1  0]
 [ 1  1  3  0  0  0]
 [ 0  1  0  2  0  0]
 [ 0  0  0  0  2  0]
 [ 0  1  0  0  0  7]]
Acc:  0.7538461538461538
-----------------------------------------------


0.88	0.955555556
0.92	0.955555556
0.92	0.933333333
0.893333333	0.955555556
0.893333333	0.955555556
0.893333333	0.955555556
